LSTM V2 REPORT - V1 + direct current-state skip connection
backend: keras 3.15.0 (torch) | seed 42
only change vs V1: scaled station-k features ['arrival_delay_model', 'departure_delay_model', 'journey_completion', 'arrival_was_imputed', 'departure_was_imputed']
fed directly into the dense head alongside LSTM output and context.

prefix samples: train=8902 val=2025 test=2121
max sequence length: 43 | padding: post, PAD_VALUE=-999.0
scalers fit on 8902 train non-destination rows only (asserted)
model parameters: 5521 (V1: 5441) | best epoch: 27

training history (epoch, train mae, val mae, lr):
    1    44.426    42.148  0.001000
    2    42.667    39.683  0.001000
    3    39.723    37.141  0.001000
    4    37.257    34.863  0.001000
    5    35.025    33.225  0.001000
    6    33.195    31.397  0.001000
    7    31.120    29.678  0.001000
    8    29.622    28.348  0.001000
    9    28.490    27.348  0.001000
   10    28.343    26.873  0.001000
   11    27.738    25.776  0.001000
   12    27.164    25.220  0.001000
   13    27.097    24.761  0.001000
   14    26.846    24.201  0.001000
   15    26.440    23.652  0.001000
   16    26.072    23.652  0.001000
   17    25.777    22.855  0.001000
   18    25.682    22.614  0.001000
   19    25.191    22.027  0.001000
   20    25.097    22.124  0.001000
   21    25.206    22.073  0.001000
   22    24.926    21.131  0.001000
   23    24.734    21.412  0.001000
   24    24.840    20.915  0.001000
   25    24.615    20.819  0.001000
   26    24.608    20.987  0.001000
   27    24.429    20.695  0.001000  <- best
   28    24.510    20.794  0.001000
   29    24.332    20.992  0.001000
   30    24.555    22.120  0.001000
   31    24.351    21.011  0.001000
   32    24.294    20.745  0.001000
   33    24.082    21.257  0.001000
   34    24.486    21.048  0.001000
   35    24.169    21.210  0.001000
   36    23.645    20.933  0.000500
   37    23.883    20.846  0.000500
   38    23.879    20.756  0.000500
   39    23.930    20.987  0.000500
   40    23.603    20.904  0.000500
   41    23.573    20.931  0.000500
   42    23.615    21.067  0.000500
   43    23.478    21.247  0.000500
   44    23.566    21.022  0.000250
   45    23.725    21.058  0.000250
   46    23.542    21.215  0.000250
   47    23.549    21.136  0.000250

--- VAL metrics ---
  A_naive_arrival    MAE=  28.30  RMSE=  55.15  R2= 0.8397
  B_naive_departure  MAE=  30.37  RMSE=  54.86  R2= 0.8414
  E_lstm_v2          MAE=  20.69  RMSE=  53.62  R2= 0.8485
  C_xgboost(frozen)  MAE=  20.50  RMSE=  53.68  R2= 0.8482
  D_lstm_v1(frozen)  MAE=  20.97  RMSE=  54.26  R2= 0.8449

--- TEST metrics ---
  A_naive_arrival    MAE=  26.28  RMSE=  56.01  R2= 0.8169
  B_naive_departure  MAE=  28.98  RMSE=  56.30  R2= 0.8150
  E_lstm_v2          MAE=  18.79  RMSE=  53.54  R2= 0.8327
  C_xgboost(frozen)  MAE=  18.37  RMSE=  53.65  R2= 0.8320
  D_lstm_v1(frozen)  MAE=  19.34  RMSE=  55.32  R2= 0.8213

--- VAL MAE by journey-position bucket ---
               A_naive_arrival  B_naive_departure  E_lstm_v2    n
position_frac                                                    
0-20%                    29.31              30.10      26.85  476
20-40%                   31.80              32.87      25.49  403
40-60%                   27.89              30.13      20.26  409
60-80%                   30.07              32.67      18.66  403
80-100%                  21.01              25.29       9.13  334

--- TEST MAE by journey-position bucket ---
               A_naive_arrival  B_naive_departure  E_lstm_v2    n  C_xgboost(frozen)  D_lstm_v1(frozen)
position_frac                                                                                          
0-20%                    28.87              30.23      25.74  497              24.35              25.64
20-40%                   31.91              34.21      24.85  420              24.34              23.63
40-60%                   25.63              28.71      18.27  432              17.87              18.51
60-80%                   24.67              27.63      13.93  420              15.37              15.64
80-100%                  18.60              22.93       8.21  352               6.98              10.77

--- VAL MAE per train number ---
              A_naive_arrival  B_naive_departure  E_lstm_v2    n
train_number                                                    
12001                   10.30              13.30   5.100000   40
12002                    9.08              13.08   4.810000   50
12009                    9.95              11.34   7.960000   64
12010                   11.14              12.29   7.910000   56
12301                   17.59              18.44  16.680000   64
12302                   17.44              17.31  11.880000   16
12431                   23.82              28.65   6.100000   40
12432                   14.65              21.80   3.150000   20
12621                   16.19              17.81  12.970000  120
12622                   27.71              30.98  18.650000   66
12625                   32.95              35.32  27.549999  301
12626                   22.22              26.54   4.000000  294
12627                   63.10              61.11  64.110001  272
12628                   34.91              37.11  19.340000  198
12657                    7.86              12.79   3.570000   14
12658                   14.73              13.10   8.070000   63
12723                   18.50              23.08  11.020000  119
12724                   26.82              29.17  20.260000  165
12951                   10.67              13.29   3.740000   21
12952                    8.17              10.45   3.140000   42

--- TEST MAE per train number ---
              A_naive_arrival  B_naive_departure  E_lstm_v2    n
train_number                                                    
12001                    9.37              12.81   3.720000   70
12002                   10.21              12.79   8.220000   90
12009                    9.15              10.60   7.980000   48
12010                    8.81               9.31   6.380000   48
12301                   19.82              18.60  24.760000   40
12302                    4.69              10.81   2.000000   16
12431                   14.17              19.50   4.650000   60
12432                   26.78              30.94  16.559999   80
12621                    7.97              11.48   3.960000   60
12622                   20.42              25.00  11.340000   55
12625                   44.30              47.27  37.770000  387
12626                   25.82              29.77  11.380000  336
12627                   36.62              36.45  34.250000  272
12628                   34.60              36.68  21.350000  231
12657                   19.24              20.33  14.350000   42
12658                    7.75              10.50   4.030000   56
12723                   15.68              21.00   7.120000  102
12724                   16.10              20.67   3.430000   30
12951                   12.77              16.03   4.450000   35
12952                    4.57               6.30   2.890000   63

--- 12 worst VAL errors (LSTM V2) ---
      journey_id  station_sequence  position_frac      y      pred     abs_err
12628_2026-05-18                 1           0.00 1009.0  7.310000 1001.690002
12627_2026-06-03                 1           0.00  348.0  7.310000  340.690002
12627_2026-06-03                 2           0.03  348.0  7.710000  340.290009
12627_2026-06-03                 9           0.06  348.0  9.540000  338.459991
12627_2026-06-03               149           0.62  348.0 46.639999  301.359985
12627_2026-06-03                73           0.38  348.0 47.000000  301.000000
12627_2026-06-03                77           0.41  348.0 50.430000  297.570007
12627_2026-06-03               116           0.50  348.0 53.450001  294.549988
12627_2026-06-03               129           0.53  348.0 56.970001  291.029999
12627_2026-06-03               169           0.65  348.0 57.180000  290.820007
12627_2026-06-03               144           0.59  348.0 57.430000  290.570007
12627_2026-06-03                58           0.32  348.0 58.490002  289.510010

--- 12 worst TEST errors (LSTM V2) ---
      journey_id  station_sequence  position_frac     y  pred    abs_err
12628_2026-05-19                 1           0.00 979.0  7.31 971.690002
12625_2026-06-05               276           0.67 351.0  1.38 349.619995
12625_2026-06-05                 1           0.00 351.0  1.45 349.549988
12625_2026-06-05                18           0.05 351.0  1.65 349.350006
12625_2026-06-05                12           0.02 351.0  1.75 349.250000
12625_2026-06-05               285           0.70 351.0  1.82 349.179993
12625_2026-06-05               288           0.72 351.0  2.03 348.970001
12625_2026-06-05                24           0.07 351.0  2.33 348.670013
12625_2026-06-05                36           0.21 351.0  2.92 348.079987
12625_2026-06-05                31           0.19 351.0  3.12 347.880005
12625_2026-06-05                25           0.09 351.0  3.37 347.630005
12625_2026-06-05                29           0.16 351.0  3.50 347.500000
